{
 "cells": [
  {
   "cell_type": "code",
   "execution_count": 68,
   "metadata": {},
   "outputs": [
    {
     "data": {
      "text/html": [
       "<table>\n",
       "<thead><tr><th scope=col>X1</th><th scope=col>X1.1</th><th scope=col>X0</th><th scope=col>X0.1</th><th scope=col>X1.2</th><th scope=col>X1.3</th><th scope=col>X0.2</th><th scope=col>X1.4</th><th scope=col>X0.3</th><th scope=col>X1.5</th><th scope=col>X0.4</th><th scope=col>X0.5</th><th scope=col>X0.6</th><th scope=col>X0.7</th><th scope=col>X1.6</th><th scope=col>X1.7</th><th scope=col>X1.8</th><th scope=col>X1.9</th><th scope=col>X1.10</th><th scope=col>X0.8</th></tr></thead>\n",
       "<tbody>\n",
       "\t<tr><td>1</td><td>0</td><td>1</td><td>1</td><td>0</td><td>1</td><td>0</td><td>0</td><td>1</td><td>1</td><td>0</td><td>1</td><td>0</td><td>0</td><td>1</td><td>0</td><td>1</td><td>1</td><td>0</td><td>0</td></tr>\n",
       "\t<tr><td>0</td><td>1</td><td>0</td><td>0</td><td>0</td><td>1</td><td>0</td><td>1</td><td>0</td><td>1</td><td>1</td><td>1</td><td>1</td><td>0</td><td>1</td><td>1</td><td>1</td><td>0</td><td>0</td><td>0</td></tr>\n",
       "\t<tr><td>0</td><td>1</td><td>1</td><td>0</td><td>1</td><td>1</td><td>0</td><td>1</td><td>0</td><td>1</td><td>0</td><td>0</td><td>0</td><td>0</td><td>1</td><td>1</td><td>1</td><td>1</td><td>1</td><td>0</td></tr>\n",
       "\t<tr><td>0</td><td>0</td><td>1</td><td>0</td><td>1</td><td>0</td><td>1</td><td>1</td><td>0</td><td>1</td><td>0</td><td>1</td><td>0</td><td>1</td><td>1</td><td>1</td><td>1</td><td>1</td><td>1</td><td>1</td></tr>\n",
       "\t<tr><td>1</td><td>1</td><td>0</td><td>1</td><td>1</td><td>0</td><td>0</td><td>0</td><td>0</td><td>1</td><td>0</td><td>0</td><td>0</td><td>0</td><td>1</td><td>0</td><td>0</td><td>1</td><td>1</td><td>0</td></tr>\n",
       "\t<tr><td>0</td><td>0</td><td>1</td><td>1</td><td>0</td><td>1</td><td>0</td><td>0</td><td>1</td><td>1</td><td>0</td><td>1</td><td>0</td><td>0</td><td>1</td><td>0</td><td>1</td><td>1</td><td>0</td><td>0</td></tr>\n",
       "</tbody>\n",
       "</table>\n"
      ],
      "text/latex": [
       "\\begin{tabular}{r|llllllllllllllllllll}\n",
       " X1 & X1.1 & X0 & X0.1 & X1.2 & X1.3 & X0.2 & X1.4 & X0.3 & X1.5 & X0.4 & X0.5 & X0.6 & X0.7 & X1.6 & X1.7 & X1.8 & X1.9 & X1.10 & X0.8\\\\\n",
       "\\hline\n",
       "\t 1 & 0 & 1 & 1 & 0 & 1 & 0 & 0 & 1 & 1 & 0 & 1 & 0 & 0 & 1 & 0 & 1 & 1 & 0 & 0\\\\\n",
       "\t 0 & 1 & 0 & 0 & 0 & 1 & 0 & 1 & 0 & 1 & 1 & 1 & 1 & 0 & 1 & 1 & 1 & 0 & 0 & 0\\\\\n",
       "\t 0 & 1 & 1 & 0 & 1 & 1 & 0 & 1 & 0 & 1 & 0 & 0 & 0 & 0 & 1 & 1 & 1 & 1 & 1 & 0\\\\\n",
       "\t 0 & 0 & 1 & 0 & 1 & 0 & 1 & 1 & 0 & 1 & 0 & 1 & 0 & 1 & 1 & 1 & 1 & 1 & 1 & 1\\\\\n",
       "\t 1 & 1 & 0 & 1 & 1 & 0 & 0 & 0 & 0 & 1 & 0 & 0 & 0 & 0 & 1 & 0 & 0 & 1 & 1 & 0\\\\\n",
       "\t 0 & 0 & 1 & 1 & 0 & 1 & 0 & 0 & 1 & 1 & 0 & 1 & 0 & 0 & 1 & 0 & 1 & 1 & 0 & 0\\\\\n",
       "\\end{tabular}\n"
      ],
      "text/markdown": [
       "\n",
       "| X1 | X1.1 | X0 | X0.1 | X1.2 | X1.3 | X0.2 | X1.4 | X0.3 | X1.5 | X0.4 | X0.5 | X0.6 | X0.7 | X1.6 | X1.7 | X1.8 | X1.9 | X1.10 | X0.8 |\n",
       "|---|---|---|---|---|---|---|---|---|---|---|---|---|---|---|---|---|---|---|---|\n",
       "| 1 | 0 | 1 | 1 | 0 | 1 | 0 | 0 | 1 | 1 | 0 | 1 | 0 | 0 | 1 | 0 | 1 | 1 | 0 | 0 |\n",
       "| 0 | 1 | 0 | 0 | 0 | 1 | 0 | 1 | 0 | 1 | 1 | 1 | 1 | 0 | 1 | 1 | 1 | 0 | 0 | 0 |\n",
       "| 0 | 1 | 1 | 0 | 1 | 1 | 0 | 1 | 0 | 1 | 0 | 0 | 0 | 0 | 1 | 1 | 1 | 1 | 1 | 0 |\n",
       "| 0 | 0 | 1 | 0 | 1 | 0 | 1 | 1 | 0 | 1 | 0 | 1 | 0 | 1 | 1 | 1 | 1 | 1 | 1 | 1 |\n",
       "| 1 | 1 | 0 | 1 | 1 | 0 | 0 | 0 | 0 | 1 | 0 | 0 | 0 | 0 | 1 | 0 | 0 | 1 | 1 | 0 |\n",
       "| 0 | 0 | 1 | 1 | 0 | 1 | 0 | 0 | 1 | 1 | 0 | 1 | 0 | 0 | 1 | 0 | 1 | 1 | 0 | 0 |\n",
       "\n"
      ],
      "text/plain": [
       "  X1 X1.1 X0 X0.1 X1.2 X1.3 X0.2 X1.4 X0.3 X1.5 X0.4 X0.5 X0.6 X0.7 X1.6 X1.7\n",
       "1 1  0    1  1    0    1    0    0    1    1    0    1    0    0    1    0   \n",
       "2 0  1    0  0    0    1    0    1    0    1    1    1    1    0    1    1   \n",
       "3 0  1    1  0    1    1    0    1    0    1    0    0    0    0    1    1   \n",
       "4 0  0    1  0    1    0    1    1    0    1    0    1    0    1    1    1   \n",
       "5 1  1    0  1    1    0    0    0    0    1    0    0    0    0    1    0   \n",
       "6 0  0    1  1    0    1    0    0    1    1    0    1    0    0    1    0   \n",
       "  X1.8 X1.9 X1.10 X0.8\n",
       "1 1    1    0     0   \n",
       "2 1    0    0     0   \n",
       "3 1    1    1     0   \n",
       "4 1    1    1     1   \n",
       "5 0    1    1     0   \n",
       "6 1    1    0     0   "
      ]
     },
     "metadata": {},
     "output_type": "display_data"
    }
   ],
   "source": [
    "x <- read.csv('prod - prod.csv', sep=';')\n",
    "head(x)\n",
    "#3 różnych metod: macierze odległości między w R\n",
    "#4 metodami policzyć między 2 wektorami wybranymi"
   ]
  },
  {
   "cell_type": "code",
   "execution_count": 11,
   "metadata": {},
   "outputs": [
    {
     "name": "stdout",
     "output_type": "stream",
     "text": [
      "package 'ade4' successfully unpacked and MD5 sums checked\n",
      "\n",
      "The downloaded binary packages are in\n",
      "\tC:\\Users\\marze\\AppData\\Local\\Temp\\RtmpgNlD8C\\downloaded_packages\n"
     ]
    }
   ],
   "source": [
    "install.packages(\"ade4\")"
   ]
  },
  {
   "cell_type": "code",
   "execution_count": 69,
   "metadata": {},
   "outputs": [
    {
     "data": {
      "text/html": [
       "<ol class=list-inline>\n",
       "\t<li>29</li>\n",
       "\t<li>29</li>\n",
       "</ol>\n"
      ],
      "text/latex": [
       "\\begin{enumerate*}\n",
       "\\item 29\n",
       "\\item 29\n",
       "\\end{enumerate*}\n"
      ],
      "text/markdown": [
       "1. 29\n",
       "2. 29\n",
       "\n",
       "\n"
      ],
      "text/plain": [
       "[1] 29 29"
      ]
     },
     "metadata": {},
     "output_type": "display_data"
    }
   ],
   "source": [
    "dim(as.matrix(S))"
   ]
  },
  {
   "cell_type": "code",
   "execution_count": 74,
   "metadata": {
    "scrolled": true
   },
   "outputs": [
    {
     "data": {
      "text/html": [
       "0.1"
      ],
      "text/latex": [
       "0.1"
      ],
      "text/markdown": [
       "0.1"
      ],
      "text/plain": [
       "[1] 0.1"
      ]
     },
     "metadata": {},
     "output_type": "display_data"
    },
    {
     "data": {
      "text/plain": [
       "           1         2         3         4         5         6         7\n",
       "1            0.6666667 0.6000000 0.6470588 0.6153846 0.1000000 0.6250000\n",
       "2  0.6666667           0.5000000 0.6470588 0.8000000 0.6428571 0.5333333\n",
       "3  0.6000000 0.5000000           0.4000000 0.5384615 0.5714286 0.4666667\n",
       "4  0.6470588 0.6470588 0.4000000           0.6875000 0.6250000 0.5294118\n",
       "5  0.6153846 0.8000000 0.5384615 0.6875000           0.6923077 0.4615385\n",
       "6  0.1000000 0.6428571 0.5714286 0.6250000 0.6923077           0.6000000\n",
       "7  0.6250000 0.5333333 0.4666667 0.5294118 0.4615385 0.6000000          \n",
       "8  0.7500000 0.4615385 0.5000000 0.6470588 0.6153846 0.7333333 0.5333333\n",
       "9  0.6875000 0.5000000 0.6250000 0.5882353 0.7333333 0.6666667 0.4666667\n",
       "10 0.7333333 0.5384615 0.4615385 0.5333333 0.5833333 0.7142857 0.5000000\n",
       "11 0.6875000 0.5000000 0.4285714 0.5882353 0.7333333 0.7500000 0.6470588\n",
       "12 0.7333333 0.8125000 0.9473684 0.7058824 0.9375000 0.7142857 0.7647059\n",
       "13 0.7058824 0.7058824 0.5625000 0.3333333 0.6666667 0.7647059 0.5882353\n",
       "14 0.5714286 0.5714286 0.2500000 0.4666667 0.5000000 0.6428571 0.5333333\n",
       "15 0.6000000 0.6000000 0.6250000 0.6666667 0.5384615 0.6666667 0.4666667\n",
       "16 0.7333333 0.7333333 0.4615385 0.5333333 0.5833333 0.8000000 0.6875000\n",
       "17 0.7500000 0.7500000 0.7647059 0.7222222 0.6153846 0.8125000 0.6250000\n",
       "18 0.6428571 0.6428571 0.5714286 0.4285714 0.6923077 0.6153846 0.6000000\n",
       "19 0.7647059 0.5000000 0.4285714 0.5882353 0.5384615 0.7500000 0.2307692\n",
       "20 0.7500000 0.4615385 0.2500000 0.4666667 0.5000000 0.7333333 0.4285714\n",
       "21 0.2727273 0.6428571 0.6666667 0.7058824 0.6923077 0.3636364 0.6000000\n",
       "22 0.7142857 0.5000000 0.4166667 0.6000000 0.6666667 0.6923077 0.4615385\n",
       "23 0.7647059 0.5000000 0.3076923 0.5000000 0.6428571 0.7500000 0.4666667\n",
       "24 0.6470588 0.6470588 0.4000000 0.2666667 0.6875000 0.6250000 0.6111111\n",
       "25 0.5833333 0.7857143 0.6153846 0.6666667 0.3333333 0.6666667 0.5384615\n",
       "26 0.2727273 0.7333333 0.6666667 0.6250000 0.7857143 0.2000000 0.6875000\n",
       "27 0.5625000 0.6470588 0.5882353 0.4705882 0.5000000 0.6250000 0.2142857\n",
       "28 0.7500000 0.6666667 0.6875000 0.6470588 0.7142857 0.7333333 0.6250000\n",
       "29 0.7647059 0.6875000 0.7058824 0.6666667 0.6428571 0.8235294 0.4666667\n",
       "           8         9        10        11        12        13        14\n",
       "1  0.7500000 0.6875000 0.7333333 0.6875000 0.7333333 0.7058824 0.5714286\n",
       "2  0.4615385 0.5000000 0.5384615 0.5000000 0.8125000 0.7058824 0.5714286\n",
       "3  0.5000000 0.6250000 0.4615385 0.4285714 0.9473684 0.5625000 0.2500000\n",
       "4  0.6470588 0.5882353 0.5333333 0.5882353 0.7058824 0.3333333 0.4666667\n",
       "5  0.6153846 0.7333333 0.5833333 0.7333333 0.9375000 0.6666667 0.5000000\n",
       "6  0.7333333 0.6666667 0.7142857 0.7500000 0.7142857 0.7647059 0.6428571\n",
       "7  0.5333333 0.4666667 0.5000000 0.6470588 0.7647059 0.5882353 0.5333333\n",
       "8            0.5000000 0.4166667 0.6000000 0.8125000 0.5333333 0.5714286\n",
       "9  0.5000000           0.5714286 0.5333333 0.6666667 0.4666667 0.6000000\n",
       "10 0.4166667 0.5714286           0.5714286 0.8750000 0.5000000 0.5384615\n",
       "11 0.6000000 0.5333333 0.5714286           0.8235294 0.4666667 0.5000000\n",
       "12 0.8125000 0.6666667 0.8750000 0.8235294           0.6875000 1.0000000\n",
       "13 0.5333333 0.4666667 0.5000000 0.4666667 0.6875000           0.5333333\n",
       "14 0.5714286 0.6000000 0.5384615 0.5000000 1.0000000 0.5333333          \n",
       "15 0.5000000 0.3076923 0.6666667 0.6250000 0.7500000 0.4666667 0.5000000\n",
       "16 0.6428571 0.7500000 0.7142857 0.6666667 0.8750000 0.6000000 0.4166667\n",
       "17 0.6666667 0.6000000 0.5384615 0.6875000 0.6428571 0.6250000 0.7500000\n",
       "18 0.6428571 0.6666667 0.6153846 0.6666667 0.8000000 0.6875000 0.5384615\n",
       "19 0.3846154 0.4285714 0.4615385 0.6250000 0.8235294 0.5625000 0.5000000\n",
       "20 0.3333333 0.6000000 0.2727273 0.5000000 0.9444444 0.5333333 0.3333333\n",
       "21 0.8125000 0.6666667 0.7142857 0.6666667 0.7142857 0.6875000 0.6428571\n",
       "22 0.5000000 0.5384615 0.5833333 0.6428571 0.9375000 0.5714286 0.5000000\n",
       "23 0.5000000 0.5333333 0.6666667 0.5333333 0.8235294 0.5625000 0.5000000\n",
       "24 0.5625000 0.6666667 0.5333333 0.5882353 0.7058824 0.4375000 0.5625000\n",
       "25 0.6923077 0.7142857 0.6666667 0.8000000 0.9333333 0.6428571 0.4545455\n",
       "26 0.8125000 0.7500000 0.7142857 0.8235294 0.6153846 0.7647059 0.7333333\n",
       "27 0.6470588 0.5000000 0.5333333 0.6666667 0.7058824 0.4375000 0.4666667\n",
       "28 0.3333333 0.3846154 0.6428571 0.6875000 0.6428571 0.5333333 0.6666667\n",
       "29 0.6000000 0.3076923 0.7500000 0.6250000 0.6666667 0.4666667 0.6000000\n",
       "          15        16        17        18        19        20        21\n",
       "1  0.6000000 0.7333333 0.7500000 0.6428571 0.7647059 0.7500000 0.2727273\n",
       "2  0.6000000 0.7333333 0.7500000 0.6428571 0.5000000 0.4615385 0.6428571\n",
       "3  0.6250000 0.4615385 0.7647059 0.5714286 0.4285714 0.2500000 0.6666667\n",
       "4  0.6666667 0.5333333 0.7222222 0.4285714 0.5882353 0.4666667 0.7058824\n",
       "5  0.5384615 0.5833333 0.6153846 0.6923077 0.5384615 0.5000000 0.6923077\n",
       "6  0.6666667 0.8000000 0.8125000 0.6153846 0.7500000 0.7333333 0.3636364\n",
       "7  0.4666667 0.6875000 0.6250000 0.6000000 0.2307692 0.4285714 0.6000000\n",
       "8  0.5000000 0.6428571 0.6666667 0.6428571 0.3846154 0.3333333 0.8125000\n",
       "9  0.3076923 0.7500000 0.6000000 0.6666667 0.4285714 0.6000000 0.6666667\n",
       "10 0.6666667 0.7142857 0.5384615 0.6153846 0.4615385 0.2727273 0.7142857\n",
       "11 0.6250000 0.6666667 0.6875000 0.6666667 0.6250000 0.5000000 0.6666667\n",
       "12 0.7500000 0.8750000 0.6428571 0.8000000 0.8235294 0.9444444 0.7142857\n",
       "13 0.4666667 0.6000000 0.6250000 0.6875000 0.5625000 0.5333333 0.6875000\n",
       "14 0.5000000 0.4166667 0.7500000 0.5384615 0.5000000 0.3333333 0.6428571\n",
       "15           0.6666667 0.5000000 0.8235294 0.4285714 0.6000000 0.5714286\n",
       "16 0.6666667           0.7333333 0.6153846 0.5714286 0.5384615 0.7142857\n",
       "17 0.5000000 0.7333333           0.8823529 0.6000000 0.6666667 0.6428571\n",
       "18 0.8235294 0.6153846 0.8823529           0.6666667 0.5384615 0.8000000\n",
       "19 0.4285714 0.5714286 0.6000000 0.6666667           0.3846154 0.7500000\n",
       "20 0.6000000 0.5384615 0.6666667 0.5384615 0.3846154           0.7333333\n",
       "21 0.5714286 0.7142857 0.6428571 0.8000000 0.7500000 0.7333333          \n",
       "22 0.5384615 0.7857143 0.8000000 0.7857143 0.4166667 0.5000000 0.7857143\n",
       "23 0.5333333 0.4615385 0.7647059 0.6666667 0.3076923 0.5000000 0.8235294\n",
       "24 0.7368421 0.6250000 0.7222222 0.5333333 0.5882353 0.4666667 0.7777778\n",
       "25 0.6153846 0.5454545 0.7857143 0.6666667 0.6153846 0.5833333 0.6666667\n",
       "26 0.7500000 0.8000000 0.7333333 0.7142857 0.8235294 0.8125000 0.3636364\n",
       "27 0.4000000 0.6250000 0.5625000 0.6250000 0.4000000 0.5625000 0.5333333\n",
       "28 0.5000000 0.6428571 0.6666667 0.6428571 0.6000000 0.5714286 0.7333333\n",
       "29 0.3076923 0.5714286 0.6000000 0.7500000 0.4285714 0.6875000 0.6666667\n",
       "          22        23        24        25        26        27        28\n",
       "1  0.7142857 0.7647059 0.6470588 0.5833333 0.2727273 0.5625000 0.7500000\n",
       "2  0.5000000 0.5000000 0.6470588 0.7857143 0.7333333 0.6470588 0.6666667\n",
       "3  0.4166667 0.3076923 0.4000000 0.6153846 0.6666667 0.5882353 0.6875000\n",
       "4  0.6000000 0.5000000 0.2666667 0.6666667 0.6250000 0.4705882 0.6470588\n",
       "5  0.6666667 0.6428571 0.6875000 0.3333333 0.7857143 0.5000000 0.7142857\n",
       "6  0.6923077 0.7500000 0.6250000 0.6666667 0.2000000 0.6250000 0.7333333\n",
       "7  0.4615385 0.4666667 0.6111111 0.5384615 0.6875000 0.2142857 0.6250000\n",
       "8  0.5000000 0.5000000 0.5625000 0.6923077 0.8125000 0.6470588 0.3333333\n",
       "9  0.5384615 0.5333333 0.6666667 0.7142857 0.7500000 0.5000000 0.3846154\n",
       "10 0.5833333 0.6666667 0.5333333 0.6666667 0.7142857 0.5333333 0.6428571\n",
       "11 0.6428571 0.5333333 0.5882353 0.8000000 0.8235294 0.6666667 0.6875000\n",
       "12 0.9375000 0.8235294 0.7058824 0.9333333 0.6153846 0.7058824 0.6428571\n",
       "13 0.5714286 0.5625000 0.4375000 0.6428571 0.7647059 0.4375000 0.5333333\n",
       "14 0.5000000 0.5000000 0.5625000 0.4545455 0.7333333 0.4666667 0.6666667\n",
       "15 0.5384615 0.5333333 0.7368421 0.6153846 0.7500000 0.4000000 0.5000000\n",
       "16 0.7857143 0.4615385 0.6250000 0.5454545 0.8000000 0.6250000 0.6428571\n",
       "17 0.8000000 0.7647059 0.7222222 0.7857143 0.7333333 0.5625000 0.6666667\n",
       "18 0.7857143 0.6666667 0.5333333 0.6666667 0.7142857 0.6250000 0.6428571\n",
       "19 0.4166667 0.3076923 0.5882353 0.6153846 0.8235294 0.4000000 0.6000000\n",
       "20 0.5000000 0.5000000 0.4666667 0.5833333 0.8125000 0.5625000 0.5714286\n",
       "21 0.7857143 0.8235294 0.7777778 0.6666667 0.3636364 0.5333333 0.7333333\n",
       "22           0.4166667 0.5000000 0.6363636 0.7857143 0.6000000 0.7142857\n",
       "23 0.4166667           0.5000000 0.7142857 0.8235294 0.5882353 0.6875000\n",
       "24 0.5000000 0.5000000           0.6666667 0.6250000 0.6315789 0.6470588\n",
       "25 0.6363636 0.7142857 0.6666667           0.7692308 0.4615385 0.6923077\n",
       "26 0.7857143 0.8235294 0.6250000 0.7692308           0.6250000 0.7333333\n",
       "27 0.6000000 0.5882353 0.6315789 0.4615385 0.6250000           0.6470588\n",
       "28 0.7142857 0.6875000 0.6470588 0.6923077 0.7333333 0.6470588          \n",
       "29 0.6428571 0.5333333 0.7368421 0.6153846 0.8235294 0.4000000 0.3846154\n",
       "          29\n",
       "1  0.7647059\n",
       "2  0.6875000\n",
       "3  0.7058824\n",
       "4  0.6666667\n",
       "5  0.6428571\n",
       "6  0.8235294\n",
       "7  0.4666667\n",
       "8  0.6000000\n",
       "9  0.3076923\n",
       "10 0.7500000\n",
       "11 0.6250000\n",
       "12 0.6666667\n",
       "13 0.4666667\n",
       "14 0.6000000\n",
       "15 0.3076923\n",
       "16 0.5714286\n",
       "17 0.6000000\n",
       "18 0.7500000\n",
       "19 0.4285714\n",
       "20 0.6875000\n",
       "21 0.6666667\n",
       "22 0.6428571\n",
       "23 0.5333333\n",
       "24 0.7368421\n",
       "25 0.6153846\n",
       "26 0.8235294\n",
       "27 0.4000000\n",
       "28 0.3846154\n",
       "29          "
      ]
     },
     "metadata": {},
     "output_type": "display_data"
    }
   ],
   "source": [
    "library('ade4')\n",
    "D <- dist.binary(x,1 , upper=T, diag=FALSE) # odległości międzyosobnikami\n",
    "S <-1-D^2\n",
    "# S\n",
    "D <- D**2\n",
    "min(D)\n",
    "D"
   ]
  },
  {
   "cell_type": "code",
   "execution_count": 60,
   "metadata": {},
   "outputs": [
    {
     "data": {
      "text/html": [
       "140"
      ],
      "text/latex": [
       "140"
      ],
      "text/markdown": [
       "140"
      ],
      "text/plain": [
       "[1] 140"
      ]
     },
     "metadata": {},
     "output_type": "display_data"
    }
   ],
   "source": [
    "which(D == 2/9, arr.ind=TRUE)"
   ]
  },
  {
   "cell_type": "code",
   "execution_count": 77,
   "metadata": {},
   "outputs": [
    {
     "data": {
      "text/html": [
       "<table>\n",
       "<thead><tr><th scope=col>X1</th><th scope=col>X1.1</th><th scope=col>X0</th><th scope=col>X0.1</th><th scope=col>X1.2</th><th scope=col>X1.3</th><th scope=col>X0.2</th><th scope=col>X1.4</th><th scope=col>X0.3</th><th scope=col>X1.5</th><th scope=col>X0.4</th><th scope=col>X0.5</th><th scope=col>X0.6</th><th scope=col>X0.7</th><th scope=col>X1.6</th><th scope=col>X1.7</th><th scope=col>X1.8</th><th scope=col>X1.9</th><th scope=col>X1.10</th><th scope=col>X0.8</th></tr></thead>\n",
       "<tbody>\n",
       "\t<tr><td>1</td><td>0</td><td>1</td><td>1</td><td>0</td><td>1</td><td>0</td><td>0</td><td>1</td><td>1</td><td>0</td><td>1</td><td>0</td><td>0</td><td>1</td><td>0</td><td>1</td><td>1</td><td>0</td><td>0</td></tr>\n",
       "\t<tr><td>0</td><td>1</td><td>0</td><td>0</td><td>0</td><td>1</td><td>0</td><td>1</td><td>0</td><td>1</td><td>1</td><td>1</td><td>1</td><td>0</td><td>1</td><td>1</td><td>1</td><td>0</td><td>0</td><td>0</td></tr>\n",
       "\t<tr><td>0</td><td>1</td><td>1</td><td>0</td><td>1</td><td>1</td><td>0</td><td>1</td><td>0</td><td>1</td><td>0</td><td>0</td><td>0</td><td>0</td><td>1</td><td>1</td><td>1</td><td>1</td><td>1</td><td>0</td></tr>\n",
       "\t<tr><td>0</td><td>0</td><td>1</td><td>0</td><td>1</td><td>0</td><td>1</td><td>1</td><td>0</td><td>1</td><td>0</td><td>1</td><td>0</td><td>1</td><td>1</td><td>1</td><td>1</td><td>1</td><td>1</td><td>1</td></tr>\n",
       "\t<tr><td>1</td><td>1</td><td>0</td><td>1</td><td>1</td><td>0</td><td>0</td><td>0</td><td>0</td><td>1</td><td>0</td><td>0</td><td>0</td><td>0</td><td>1</td><td>0</td><td>0</td><td>1</td><td>1</td><td>0</td></tr>\n",
       "\t<tr><td>0</td><td>0</td><td>1</td><td>1</td><td>0</td><td>1</td><td>0</td><td>0</td><td>1</td><td>1</td><td>0</td><td>1</td><td>0</td><td>0</td><td>1</td><td>0</td><td>1</td><td>1</td><td>0</td><td>0</td></tr>\n",
       "</tbody>\n",
       "</table>\n"
      ],
      "text/latex": [
       "\\begin{tabular}{r|llllllllllllllllllll}\n",
       " X1 & X1.1 & X0 & X0.1 & X1.2 & X1.3 & X0.2 & X1.4 & X0.3 & X1.5 & X0.4 & X0.5 & X0.6 & X0.7 & X1.6 & X1.7 & X1.8 & X1.9 & X1.10 & X0.8\\\\\n",
       "\\hline\n",
       "\t 1 & 0 & 1 & 1 & 0 & 1 & 0 & 0 & 1 & 1 & 0 & 1 & 0 & 0 & 1 & 0 & 1 & 1 & 0 & 0\\\\\n",
       "\t 0 & 1 & 0 & 0 & 0 & 1 & 0 & 1 & 0 & 1 & 1 & 1 & 1 & 0 & 1 & 1 & 1 & 0 & 0 & 0\\\\\n",
       "\t 0 & 1 & 1 & 0 & 1 & 1 & 0 & 1 & 0 & 1 & 0 & 0 & 0 & 0 & 1 & 1 & 1 & 1 & 1 & 0\\\\\n",
       "\t 0 & 0 & 1 & 0 & 1 & 0 & 1 & 1 & 0 & 1 & 0 & 1 & 0 & 1 & 1 & 1 & 1 & 1 & 1 & 1\\\\\n",
       "\t 1 & 1 & 0 & 1 & 1 & 0 & 0 & 0 & 0 & 1 & 0 & 0 & 0 & 0 & 1 & 0 & 0 & 1 & 1 & 0\\\\\n",
       "\t 0 & 0 & 1 & 1 & 0 & 1 & 0 & 0 & 1 & 1 & 0 & 1 & 0 & 0 & 1 & 0 & 1 & 1 & 0 & 0\\\\\n",
       "\\end{tabular}\n"
      ],
      "text/markdown": [
       "\n",
       "| X1 | X1.1 | X0 | X0.1 | X1.2 | X1.3 | X0.2 | X1.4 | X0.3 | X1.5 | X0.4 | X0.5 | X0.6 | X0.7 | X1.6 | X1.7 | X1.8 | X1.9 | X1.10 | X0.8 |\n",
       "|---|---|---|---|---|---|---|---|---|---|---|---|---|---|---|---|---|---|---|---|\n",
       "| 1 | 0 | 1 | 1 | 0 | 1 | 0 | 0 | 1 | 1 | 0 | 1 | 0 | 0 | 1 | 0 | 1 | 1 | 0 | 0 |\n",
       "| 0 | 1 | 0 | 0 | 0 | 1 | 0 | 1 | 0 | 1 | 1 | 1 | 1 | 0 | 1 | 1 | 1 | 0 | 0 | 0 |\n",
       "| 0 | 1 | 1 | 0 | 1 | 1 | 0 | 1 | 0 | 1 | 0 | 0 | 0 | 0 | 1 | 1 | 1 | 1 | 1 | 0 |\n",
       "| 0 | 0 | 1 | 0 | 1 | 0 | 1 | 1 | 0 | 1 | 0 | 1 | 0 | 1 | 1 | 1 | 1 | 1 | 1 | 1 |\n",
       "| 1 | 1 | 0 | 1 | 1 | 0 | 0 | 0 | 0 | 1 | 0 | 0 | 0 | 0 | 1 | 0 | 0 | 1 | 1 | 0 |\n",
       "| 0 | 0 | 1 | 1 | 0 | 1 | 0 | 0 | 1 | 1 | 0 | 1 | 0 | 0 | 1 | 0 | 1 | 1 | 0 | 0 |\n",
       "\n"
      ],
      "text/plain": [
       "  X1 X1.1 X0 X0.1 X1.2 X1.3 X0.2 X1.4 X0.3 X1.5 X0.4 X0.5 X0.6 X0.7 X1.6 X1.7\n",
       "1 1  0    1  1    0    1    0    0    1    1    0    1    0    0    1    0   \n",
       "2 0  1    0  0    0    1    0    1    0    1    1    1    1    0    1    1   \n",
       "3 0  1    1  0    1    1    0    1    0    1    0    0    0    0    1    1   \n",
       "4 0  0    1  0    1    0    1    1    0    1    0    1    0    1    1    1   \n",
       "5 1  1    0  1    1    0    0    0    0    1    0    0    0    0    1    0   \n",
       "6 0  0    1  1    0    1    0    0    1    1    0    1    0    0    1    0   \n",
       "  X1.8 X1.9 X1.10 X0.8\n",
       "1 1    1    0     0   \n",
       "2 1    0    0     0   \n",
       "3 1    1    1     0   \n",
       "4 1    1    1     1   \n",
       "5 0    1    1     0   \n",
       "6 1    1    0     0   "
      ]
     },
     "metadata": {},
     "output_type": "display_data"
    },
    {
     "data": {
      "text/html": [
       "0.222222222222222"
      ],
      "text/latex": [
       "0.222222222222222"
      ],
      "text/markdown": [
       "0.222222222222222"
      ],
      "text/plain": [
       "[1] 0.2222222"
      ]
     },
     "metadata": {},
     "output_type": "display_data"
    },
    {
     "data": {
      "text/html": [
       "<ol class=list-inline>\n",
       "\t<li>20</li>\n",
       "\t<li>20</li>\n",
       "</ol>\n"
      ],
      "text/latex": [
       "\\begin{enumerate*}\n",
       "\\item 20\n",
       "\\item 20\n",
       "\\end{enumerate*}\n"
      ],
      "text/markdown": [
       "1. 20\n",
       "2. 20\n",
       "\n",
       "\n"
      ],
      "text/plain": [
       "[1] 20 20"
      ]
     },
     "metadata": {},
     "output_type": "display_data"
    },
    {
     "data": {
      "text/html": [
       "<table>\n",
       "<thead><tr><th></th><th scope=col>row</th><th scope=col>col</th></tr></thead>\n",
       "<tbody>\n",
       "\t<tr><th scope=row>X1.6</th><td>15</td><td>10</td></tr>\n",
       "\t<tr><th scope=row>X1.5</th><td>10</td><td>15</td></tr>\n",
       "</tbody>\n",
       "</table>\n"
      ],
      "text/latex": [
       "\\begin{tabular}{r|ll}\n",
       "  & row & col\\\\\n",
       "\\hline\n",
       "\tX1.6 & 15 & 10\\\\\n",
       "\tX1.5 & 10 & 15\\\\\n",
       "\\end{tabular}\n"
      ],
      "text/markdown": [
       "\n",
       "| <!--/--> | row | col |\n",
       "|---|---|---|\n",
       "| X1.6 | 15 | 10 |\n",
       "| X1.5 | 10 | 15 |\n",
       "\n"
      ],
      "text/plain": [
       "     row col\n",
       "X1.6 15  10 \n",
       "X1.5 10  15 "
      ]
     },
     "metadata": {},
     "output_type": "display_data"
    }
   ],
   "source": [
    "x <- read.csv('prod - prod.csv', sep=';')\n",
    "head(x)\n",
    "dane2 <- t(x)\n",
    "D <- dist.binary(dane2,1 , upper=T, diag=FALSE) # odległości międzyosobnikami\n",
    "D <- D**2\n",
    "min(D)\n",
    "D_m = as.matrix(D)\n",
    "dim(D_m)\n",
    "which(D_m == 2/9, arr.ind=TRUE)"
   ]
  },
  {
   "cell_type": "code",
   "execution_count": 64,
   "metadata": {},
   "outputs": [
    {
     "data": {
      "text/html": [
       "0.222222222222222"
      ],
      "text/latex": [
       "0.222222222222222"
      ],
      "text/markdown": [
       "0.222222222222222"
      ],
      "text/plain": [
       "[1] 0.2222222"
      ]
     },
     "metadata": {},
     "output_type": "display_data"
    }
   ],
   "source": [
    "D[which(D == 2/9)] "
   ]
  },
  {
   "cell_type": "code",
   "execution_count": 52,
   "metadata": {},
   "outputs": [
    {
     "data": {
      "text/html": [
       "0.222222222222222"
      ],
      "text/latex": [
       "0.222222222222222"
      ],
      "text/markdown": [
       "0.222222222222222"
      ],
      "text/plain": [
       "[1] 0.2222222"
      ]
     },
     "metadata": {},
     "output_type": "display_data"
    },
    {
     "data": {
      "text/html": [
       "<table>\n",
       "<thead><tr><th></th><th scope=col>X1</th><th scope=col>X1.1</th><th scope=col>X0</th><th scope=col>X0.1</th><th scope=col>X1.2</th><th scope=col>X1.3</th><th scope=col>X0.2</th><th scope=col>X1.4</th><th scope=col>X0.3</th><th scope=col>X1.5</th><th scope=col>X0.4</th><th scope=col>X0.5</th><th scope=col>X0.6</th><th scope=col>X0.7</th><th scope=col>X1.6</th><th scope=col>X1.7</th><th scope=col>X1.8</th><th scope=col>X1.9</th><th scope=col>X1.10</th><th scope=col>X0.8</th></tr></thead>\n",
       "<tbody>\n",
       "\t<tr><th scope=row>X1</th><td>0.0000</td><td>0.8636</td><td>0.7368</td><td>0.5556</td><td>0.6087</td><td>0.6667</td><td>0.8333</td><td>0.7308</td><td>0.9474</td><td>0.6923</td><td>0.6667</td><td>0.8421</td><td>0.7895</td><td>0.8235</td><td>0.6429</td><td>0.8421</td><td>0.7083</td><td>0.6364</td><td>0.6364</td><td>0.7500</td></tr>\n",
       "\t<tr><th scope=row>X1.1</th><td>0.8636</td><td>0.0000</td><td>0.8095</td><td>0.8750</td><td>0.5652</td><td>0.6818</td><td>0.9000</td><td>0.5217</td><td>0.8947</td><td>0.4783</td><td>0.6190</td><td>0.9048</td><td>0.7368</td><td>0.8333</td><td>0.6071</td><td>0.6471</td><td>0.6087</td><td>0.6522</td><td>0.5909</td><td>0.7000</td></tr>\n",
       "\t<tr><th scope=row>X0</th><td>0.7368</td><td>0.8095</td><td>0.0000</td><td>0.7619</td><td>0.7692</td><td>0.6667</td><td>0.6875</td><td>0.7308</td><td>0.6667</td><td>0.6923</td><td>0.8333</td><td>0.6250</td><td>0.8500</td><td>0.6667</td><td>0.6429</td><td>0.6250</td><td>0.5909</td><td>0.6364</td><td>0.7500</td><td>0.7500</td></tr>\n",
       "\t<tr><th scope=row>X0.1</th><td>0.5556</td><td>0.8750</td><td>0.7619</td><td>0.0000</td><td>0.6923</td><td>0.5714</td><td>0.7895</td><td>0.7931</td><td>0.7059</td><td>0.7143</td><td>0.5714</td><td>0.5882</td><td>0.6842</td><td>0.7778</td><td>0.5714</td><td>1.0000</td><td>0.6800</td><td>0.6087</td><td>0.7200</td><td>0.6500</td></tr>\n",
       "\t<tr><th scope=row>X1.2</th><td>0.6087</td><td>0.5652</td><td>0.7692</td><td>0.6923</td><td>0.0000</td><td>0.6154</td><td>0.6818</td><td>0.2917</td><td>0.8800</td><td>0.3846</td><td>0.4348</td><td>0.8462</td><td>0.5909</td><td>0.7826</td><td>0.3571</td><td>0.6364</td><td>0.5556</td><td>0.5385</td><td>0.3478</td><td>0.5652</td></tr>\n",
       "\t<tr><th scope=row>X1.3</th><td>0.6667</td><td>0.6818</td><td>0.6667</td><td>0.5714</td><td>0.6154</td><td>0.0000</td><td>0.8636</td><td>0.5769</td><td>0.8571</td><td>0.4800</td><td>0.6087</td><td>0.6316</td><td>0.7143</td><td>0.9091</td><td>0.4444</td><td>0.7619</td><td>0.5417</td><td>0.6400</td><td>0.6400</td><td>0.6190</td></tr>\n",
       "\t<tr><th scope=row>X0.2</th><td>0.8333</td><td>0.9000</td><td>0.6875</td><td>0.7895</td><td>0.6818</td><td>0.8636</td><td>0.0000</td><td>0.6364</td><td>0.6923</td><td>0.7600</td><td>0.6842</td><td>0.8125</td><td>0.7500</td><td>0.6923</td><td>0.7500</td><td>0.7333</td><td>0.7273</td><td>0.8750</td><td>0.7727</td><td>0.6250</td></tr>\n",
       "\t<tr><th scope=row>X1.4</th><td>0.7308</td><td>0.5217</td><td>0.7308</td><td>0.7931</td><td>0.2917</td><td>0.5769</td><td>0.6364</td><td>0.0000</td><td>0.8400</td><td>0.2800</td><td>0.5200</td><td>0.8077</td><td>0.6667</td><td>0.7917</td><td>0.2593</td><td>0.5238</td><td>0.5185</td><td>0.5556</td><td>0.3043</td><td>0.5833</td></tr>\n",
       "\t<tr><th scope=row>X0.3</th><td>0.9474</td><td>0.8947</td><td>0.6667</td><td>0.7059</td><td>0.8800</td><td>0.8571</td><td>0.6923</td><td>0.8400</td><td>0.0000</td><td>0.8000</td><td>0.8571</td><td>0.6154</td><td>0.8125</td><td>0.7692</td><td>0.7407</td><td>0.8750</td><td>0.7143</td><td>0.7619</td><td>0.8696</td><td>0.8947</td></tr>\n",
       "\t<tr><th scope=row>X1.5</th><td>0.6923</td><td>0.4783</td><td>0.6923</td><td>0.7143</td><td>0.3846</td><td>0.4800</td><td>0.7600</td><td>0.2800</td><td>0.8000</td><td>0.0000</td><td>0.5926</td><td>0.7200</td><td>0.7778</td><td>0.8000</td><td>0.2222</td><td>0.6087</td><td>0.4231</td><td>0.4615</td><td>0.4000</td><td>0.6000</td></tr>\n",
       "\t<tr><th scope=row>X0.4</th><td>0.6667</td><td>0.6190</td><td>0.8333</td><td>0.5714</td><td>0.4348</td><td>0.6087</td><td>0.6842</td><td>0.5200</td><td>0.8571</td><td>0.5926</td><td>0.0000</td><td>0.7619</td><td>0.5000</td><td>0.7368</td><td>0.5517</td><td>0.8696</td><td>0.5417</td><td>0.7407</td><td>0.6400</td><td>0.5500</td></tr>\n",
       "\t<tr><th scope=row>X0.5</th><td>0.8421</td><td>0.9048</td><td>0.6250</td><td>0.5882</td><td>0.8462</td><td>0.6316</td><td>0.8125</td><td>0.8077</td><td>0.6154</td><td>0.7200</td><td>0.7619</td><td>0.0000</td><td>0.8947</td><td>0.7143</td><td>0.6667</td><td>0.8235</td><td>0.7391</td><td>0.6000</td><td>0.8800</td><td>0.7895</td></tr>\n",
       "\t<tr><th scope=row>X0.6</th><td>0.7895</td><td>0.7368</td><td>0.8500</td><td>0.6842</td><td>0.5909</td><td>0.7143</td><td>0.7500</td><td>0.6667</td><td>0.8125</td><td>0.7778</td><td>0.5000</td><td>0.8947</td><td>0.0000</td><td>0.8824</td><td>0.6786</td><td>0.8333</td><td>0.7500</td><td>0.8846</td><td>0.6818</td><td>0.5882</td></tr>\n",
       "\t<tr><th scope=row>X0.7</th><td>0.8235</td><td>0.8333</td><td>0.6667</td><td>0.7778</td><td>0.7826</td><td>0.9091</td><td>0.6923</td><td>0.7917</td><td>0.7692</td><td>0.8000</td><td>0.7368</td><td>0.7143</td><td>0.8824</td><td>0.0000</td><td>0.7857</td><td>0.8750</td><td>0.7143</td><td>0.7000</td><td>0.8182</td><td>0.6000</td></tr>\n",
       "\t<tr><th scope=row>X1.6</th><td>0.6429</td><td>0.6071</td><td>0.6429</td><td>0.5714</td><td>0.3571</td><td>0.4444</td><td>0.7500</td><td>0.2593</td><td>0.7407</td><td>0.2222</td><td>0.5517</td><td>0.6667</td><td>0.6786</td><td>0.7857</td><td>0.0000</td><td>0.6667</td><td>0.3929</td><td>0.3704</td><td>0.3077</td><td>0.6071</td></tr>\n",
       "\t<tr><th scope=row>X1.7</th><td>0.8421</td><td>0.6471</td><td>0.6250</td><td>1.0000</td><td>0.6364</td><td>0.7619</td><td>0.7333</td><td>0.5238</td><td>0.8750</td><td>0.6087</td><td>0.8696</td><td>0.8235</td><td>0.8333</td><td>0.8750</td><td>0.6667</td><td>0.0000</td><td>0.6818</td><td>0.6667</td><td>0.6667</td><td>0.8500</td></tr>\n",
       "\t<tr><th scope=row>X1.8</th><td>0.7083</td><td>0.6087</td><td>0.5909</td><td>0.6800</td><td>0.5556</td><td>0.5417</td><td>0.7273</td><td>0.5185</td><td>0.7143</td><td>0.4231</td><td>0.5417</td><td>0.7391</td><td>0.7500</td><td>0.7143</td><td>0.3929</td><td>0.6818</td><td>0.0000</td><td>0.5769</td><td>0.6296</td><td>0.7200</td></tr>\n",
       "\t<tr><th scope=row>X1.9</th><td>0.6364</td><td>0.6522</td><td>0.6364</td><td>0.6087</td><td>0.5385</td><td>0.6400</td><td>0.8750</td><td>0.5556</td><td>0.7619</td><td>0.4615</td><td>0.7407</td><td>0.6000</td><td>0.8846</td><td>0.7000</td><td>0.3704</td><td>0.6667</td><td>0.5769</td><td>0.0000</td><td>0.5600</td><td>0.7600</td></tr>\n",
       "\t<tr><th scope=row>X1.10</th><td>0.6364</td><td>0.5909</td><td>0.7500</td><td>0.7200</td><td>0.3478</td><td>0.6400</td><td>0.7727</td><td>0.3043</td><td>0.8696</td><td>0.4000</td><td>0.6400</td><td>0.8800</td><td>0.6818</td><td>0.8182</td><td>0.3077</td><td>0.6667</td><td>0.6296</td><td>0.5600</td><td>0.0000</td><td>0.5238</td></tr>\n",
       "\t<tr><th scope=row>X0.8</th><td>0.7500</td><td>0.7000</td><td>0.7500</td><td>0.6500</td><td>0.5652</td><td>0.6190</td><td>0.6250</td><td>0.5833</td><td>0.8947</td><td>0.6000</td><td>0.5500</td><td>0.7895</td><td>0.5882</td><td>0.6000</td><td>0.6071</td><td>0.8500</td><td>0.7200</td><td>0.7600</td><td>0.5238</td><td>0.0000</td></tr>\n",
       "</tbody>\n",
       "</table>\n"
      ],
      "text/latex": [
       "\\begin{tabular}{r|llllllllllllllllllll}\n",
       "  & X1 & X1.1 & X0 & X0.1 & X1.2 & X1.3 & X0.2 & X1.4 & X0.3 & X1.5 & X0.4 & X0.5 & X0.6 & X0.7 & X1.6 & X1.7 & X1.8 & X1.9 & X1.10 & X0.8\\\\\n",
       "\\hline\n",
       "\tX1 & 0.0000 & 0.8636 & 0.7368 & 0.5556 & 0.6087 & 0.6667 & 0.8333 & 0.7308 & 0.9474 & 0.6923 & 0.6667 & 0.8421 & 0.7895 & 0.8235 & 0.6429 & 0.8421 & 0.7083 & 0.6364 & 0.6364 & 0.7500\\\\\n",
       "\tX1.1 & 0.8636 & 0.0000 & 0.8095 & 0.8750 & 0.5652 & 0.6818 & 0.9000 & 0.5217 & 0.8947 & 0.4783 & 0.6190 & 0.9048 & 0.7368 & 0.8333 & 0.6071 & 0.6471 & 0.6087 & 0.6522 & 0.5909 & 0.7000\\\\\n",
       "\tX0 & 0.7368 & 0.8095 & 0.0000 & 0.7619 & 0.7692 & 0.6667 & 0.6875 & 0.7308 & 0.6667 & 0.6923 & 0.8333 & 0.6250 & 0.8500 & 0.6667 & 0.6429 & 0.6250 & 0.5909 & 0.6364 & 0.7500 & 0.7500\\\\\n",
       "\tX0.1 & 0.5556 & 0.8750 & 0.7619 & 0.0000 & 0.6923 & 0.5714 & 0.7895 & 0.7931 & 0.7059 & 0.7143 & 0.5714 & 0.5882 & 0.6842 & 0.7778 & 0.5714 & 1.0000 & 0.6800 & 0.6087 & 0.7200 & 0.6500\\\\\n",
       "\tX1.2 & 0.6087 & 0.5652 & 0.7692 & 0.6923 & 0.0000 & 0.6154 & 0.6818 & 0.2917 & 0.8800 & 0.3846 & 0.4348 & 0.8462 & 0.5909 & 0.7826 & 0.3571 & 0.6364 & 0.5556 & 0.5385 & 0.3478 & 0.5652\\\\\n",
       "\tX1.3 & 0.6667 & 0.6818 & 0.6667 & 0.5714 & 0.6154 & 0.0000 & 0.8636 & 0.5769 & 0.8571 & 0.4800 & 0.6087 & 0.6316 & 0.7143 & 0.9091 & 0.4444 & 0.7619 & 0.5417 & 0.6400 & 0.6400 & 0.6190\\\\\n",
       "\tX0.2 & 0.8333 & 0.9000 & 0.6875 & 0.7895 & 0.6818 & 0.8636 & 0.0000 & 0.6364 & 0.6923 & 0.7600 & 0.6842 & 0.8125 & 0.7500 & 0.6923 & 0.7500 & 0.7333 & 0.7273 & 0.8750 & 0.7727 & 0.6250\\\\\n",
       "\tX1.4 & 0.7308 & 0.5217 & 0.7308 & 0.7931 & 0.2917 & 0.5769 & 0.6364 & 0.0000 & 0.8400 & 0.2800 & 0.5200 & 0.8077 & 0.6667 & 0.7917 & 0.2593 & 0.5238 & 0.5185 & 0.5556 & 0.3043 & 0.5833\\\\\n",
       "\tX0.3 & 0.9474 & 0.8947 & 0.6667 & 0.7059 & 0.8800 & 0.8571 & 0.6923 & 0.8400 & 0.0000 & 0.8000 & 0.8571 & 0.6154 & 0.8125 & 0.7692 & 0.7407 & 0.8750 & 0.7143 & 0.7619 & 0.8696 & 0.8947\\\\\n",
       "\tX1.5 & 0.6923 & 0.4783 & 0.6923 & 0.7143 & 0.3846 & 0.4800 & 0.7600 & 0.2800 & 0.8000 & 0.0000 & 0.5926 & 0.7200 & 0.7778 & 0.8000 & 0.2222 & 0.6087 & 0.4231 & 0.4615 & 0.4000 & 0.6000\\\\\n",
       "\tX0.4 & 0.6667 & 0.6190 & 0.8333 & 0.5714 & 0.4348 & 0.6087 & 0.6842 & 0.5200 & 0.8571 & 0.5926 & 0.0000 & 0.7619 & 0.5000 & 0.7368 & 0.5517 & 0.8696 & 0.5417 & 0.7407 & 0.6400 & 0.5500\\\\\n",
       "\tX0.5 & 0.8421 & 0.9048 & 0.6250 & 0.5882 & 0.8462 & 0.6316 & 0.8125 & 0.8077 & 0.6154 & 0.7200 & 0.7619 & 0.0000 & 0.8947 & 0.7143 & 0.6667 & 0.8235 & 0.7391 & 0.6000 & 0.8800 & 0.7895\\\\\n",
       "\tX0.6 & 0.7895 & 0.7368 & 0.8500 & 0.6842 & 0.5909 & 0.7143 & 0.7500 & 0.6667 & 0.8125 & 0.7778 & 0.5000 & 0.8947 & 0.0000 & 0.8824 & 0.6786 & 0.8333 & 0.7500 & 0.8846 & 0.6818 & 0.5882\\\\\n",
       "\tX0.7 & 0.8235 & 0.8333 & 0.6667 & 0.7778 & 0.7826 & 0.9091 & 0.6923 & 0.7917 & 0.7692 & 0.8000 & 0.7368 & 0.7143 & 0.8824 & 0.0000 & 0.7857 & 0.8750 & 0.7143 & 0.7000 & 0.8182 & 0.6000\\\\\n",
       "\tX1.6 & 0.6429 & 0.6071 & 0.6429 & 0.5714 & 0.3571 & 0.4444 & 0.7500 & 0.2593 & 0.7407 & 0.2222 & 0.5517 & 0.6667 & 0.6786 & 0.7857 & 0.0000 & 0.6667 & 0.3929 & 0.3704 & 0.3077 & 0.6071\\\\\n",
       "\tX1.7 & 0.8421 & 0.6471 & 0.6250 & 1.0000 & 0.6364 & 0.7619 & 0.7333 & 0.5238 & 0.8750 & 0.6087 & 0.8696 & 0.8235 & 0.8333 & 0.8750 & 0.6667 & 0.0000 & 0.6818 & 0.6667 & 0.6667 & 0.8500\\\\\n",
       "\tX1.8 & 0.7083 & 0.6087 & 0.5909 & 0.6800 & 0.5556 & 0.5417 & 0.7273 & 0.5185 & 0.7143 & 0.4231 & 0.5417 & 0.7391 & 0.7500 & 0.7143 & 0.3929 & 0.6818 & 0.0000 & 0.5769 & 0.6296 & 0.7200\\\\\n",
       "\tX1.9 & 0.6364 & 0.6522 & 0.6364 & 0.6087 & 0.5385 & 0.6400 & 0.8750 & 0.5556 & 0.7619 & 0.4615 & 0.7407 & 0.6000 & 0.8846 & 0.7000 & 0.3704 & 0.6667 & 0.5769 & 0.0000 & 0.5600 & 0.7600\\\\\n",
       "\tX1.10 & 0.6364 & 0.5909 & 0.7500 & 0.7200 & 0.3478 & 0.6400 & 0.7727 & 0.3043 & 0.8696 & 0.4000 & 0.6400 & 0.8800 & 0.6818 & 0.8182 & 0.3077 & 0.6667 & 0.6296 & 0.5600 & 0.0000 & 0.5238\\\\\n",
       "\tX0.8 & 0.7500 & 0.7000 & 0.7500 & 0.6500 & 0.5652 & 0.6190 & 0.6250 & 0.5833 & 0.8947 & 0.6000 & 0.5500 & 0.7895 & 0.5882 & 0.6000 & 0.6071 & 0.8500 & 0.7200 & 0.7600 & 0.5238 & 0.0000\\\\\n",
       "\\end{tabular}\n"
      ],
      "text/markdown": [
       "\n",
       "| <!--/--> | X1 | X1.1 | X0 | X0.1 | X1.2 | X1.3 | X0.2 | X1.4 | X0.3 | X1.5 | X0.4 | X0.5 | X0.6 | X0.7 | X1.6 | X1.7 | X1.8 | X1.9 | X1.10 | X0.8 |\n",
       "|---|---|---|---|---|---|---|---|---|---|---|---|---|---|---|---|---|---|---|---|---|\n",
       "| X1 | 0.0000 | 0.8636 | 0.7368 | 0.5556 | 0.6087 | 0.6667 | 0.8333 | 0.7308 | 0.9474 | 0.6923 | 0.6667 | 0.8421 | 0.7895 | 0.8235 | 0.6429 | 0.8421 | 0.7083 | 0.6364 | 0.6364 | 0.7500 |\n",
       "| X1.1 | 0.8636 | 0.0000 | 0.8095 | 0.8750 | 0.5652 | 0.6818 | 0.9000 | 0.5217 | 0.8947 | 0.4783 | 0.6190 | 0.9048 | 0.7368 | 0.8333 | 0.6071 | 0.6471 | 0.6087 | 0.6522 | 0.5909 | 0.7000 |\n",
       "| X0 | 0.7368 | 0.8095 | 0.0000 | 0.7619 | 0.7692 | 0.6667 | 0.6875 | 0.7308 | 0.6667 | 0.6923 | 0.8333 | 0.6250 | 0.8500 | 0.6667 | 0.6429 | 0.6250 | 0.5909 | 0.6364 | 0.7500 | 0.7500 |\n",
       "| X0.1 | 0.5556 | 0.8750 | 0.7619 | 0.0000 | 0.6923 | 0.5714 | 0.7895 | 0.7931 | 0.7059 | 0.7143 | 0.5714 | 0.5882 | 0.6842 | 0.7778 | 0.5714 | 1.0000 | 0.6800 | 0.6087 | 0.7200 | 0.6500 |\n",
       "| X1.2 | 0.6087 | 0.5652 | 0.7692 | 0.6923 | 0.0000 | 0.6154 | 0.6818 | 0.2917 | 0.8800 | 0.3846 | 0.4348 | 0.8462 | 0.5909 | 0.7826 | 0.3571 | 0.6364 | 0.5556 | 0.5385 | 0.3478 | 0.5652 |\n",
       "| X1.3 | 0.6667 | 0.6818 | 0.6667 | 0.5714 | 0.6154 | 0.0000 | 0.8636 | 0.5769 | 0.8571 | 0.4800 | 0.6087 | 0.6316 | 0.7143 | 0.9091 | 0.4444 | 0.7619 | 0.5417 | 0.6400 | 0.6400 | 0.6190 |\n",
       "| X0.2 | 0.8333 | 0.9000 | 0.6875 | 0.7895 | 0.6818 | 0.8636 | 0.0000 | 0.6364 | 0.6923 | 0.7600 | 0.6842 | 0.8125 | 0.7500 | 0.6923 | 0.7500 | 0.7333 | 0.7273 | 0.8750 | 0.7727 | 0.6250 |\n",
       "| X1.4 | 0.7308 | 0.5217 | 0.7308 | 0.7931 | 0.2917 | 0.5769 | 0.6364 | 0.0000 | 0.8400 | 0.2800 | 0.5200 | 0.8077 | 0.6667 | 0.7917 | 0.2593 | 0.5238 | 0.5185 | 0.5556 | 0.3043 | 0.5833 |\n",
       "| X0.3 | 0.9474 | 0.8947 | 0.6667 | 0.7059 | 0.8800 | 0.8571 | 0.6923 | 0.8400 | 0.0000 | 0.8000 | 0.8571 | 0.6154 | 0.8125 | 0.7692 | 0.7407 | 0.8750 | 0.7143 | 0.7619 | 0.8696 | 0.8947 |\n",
